1
2
3
4
5
6
7
8
9
10
11
12
13
14
15
16
17
18
19
20
21
22
23
24
25
26
27
28
29
30
31
32
33
34
35
36
37
38
39
40
41
42
43
44
45
46
47
48
49
50
51
52
53
54
55
56
57
58
59
60
61
62
63
64
65
66
67
68
69
70
71
72
73
74
75
76
77
78
79
80
81
82
83
84
85
86
87
88
89
90
91
92
93
94
95
96
97
98
99
100
101
102
103
104
105
106
107
108
109
110
111
112
113
114
115
116
117
118
119
120
121
122
123
124
125
126
127
128
129
130
131
132
133
134
135
136
137
138
139
140
141
142
143
144
145
146
147
148
149
150
151
152
153
154
155
156
157
158
159
160
161
162
163
164
165
166
167
168
169
170
171
172
173
174
175
176
177
178
179
180
181
182
183
184
185
186
187
188
189
190
191
192
193
194
195
196
197
198
199
200
201
202
203
204
205
206
207
208
209
210
211
212
213
214
215
216
217
218
219
220
221
222
223
224
225
226
227
228
229
230
231
232
233
234
235
236
237
238
239
240
241
242
243
244
245
246
247
248
249
250
251
252
253
254
255
256
257
258
259
260
261
262
263
264
265
266
267
268
269
270
271
272
273
274
275
276
277
278
279
280
281
282
283
284
285
286
287
288
289
290
291
292
293
294
295
296
297
298
299
300
301
302
303
304
305
306
307
308
309
310
311
312
313
314
315
316
317
318
319
320
321
322
323
324
325
326
327
328
329
330
331
332
333
334
335
336
337
338
339
340
341
342
343
344
345
346
347
348
349
350
351
352
353
354
355
356
357
358
359
360
361
362
363
364
365
366
367
368
369
370
371
372
373
374
375
376
377
378
379
380
381
382
383
384
385
386
387
388
389
390
391
392
393
394
395
396
397
398
399
400
401
402
403
404
405
406
407
408
409
410
411
412
413
414
415
416
417
418
419
420
421
422
423
424
425
426
427
428
429
430
431
432
433
434
435
436
437
438
439
440
441
442
443
444
445
446
447
448
449
450
451
452
453
454
455
456
457
458
459
460
461
462
463
464
465
466
467
468
469
470
471
472
473
474
475
476
477
478
479
480
481
482
483
484
485
486
487
488
489
490
491
492
493
494
495
496
497
498
499
500
501
502
503
504
505
506
507
508
509
510
511
512
513
514
515
516
517
518
519
520
521
522
523
524
525
526
527
528
529
530
531
532
533
534
535
536
537
538
539
540
541
542
543
544
545
546
547
548
549
550
551
552
553
554
555
556
557
558
559
560
561
562
563
564
565
566
567
568
569
570
571
572
573
574
575
576
577
578
579
580
581
582
583
584
585
586
587
588
589
590
591
592
593
594
595
596
597
598
599
600
601
602
603
604
605
606
607
608
609
610
611
612
613
614
615
616
617
618
619
620
621
622
623
624
625
626
627
628
629
630
631
632
633
634
635
636
637
638
639
640
641
642
643
644
645
646
647
648
649
650
651
652
653
654
655
656
657
658
659
660
661
662
663
664
665
666
667
668
669
670
671
672
673
674
675
676
677
678
679
680
681
682
683
684
685
686
687
688
689
690
691
692
693
694
695
696
697
698
699
700
701
702
703
704
705
706
707
708
709
710
711
712
713
714
715
716
717
718
719
720
721
722
723
724
725
726
727
728
729
730
731
732
733
734
735
736
737
738
739
740
741
742
743
744
745
746
747
748
749
750
751
752
753
754
755
756
757
758
759
760
761
762
763
764
765
766
767
768
769
770
771
772
773
774
775
776
777
778
779
780
781
782
783
784
785
786
787
788
789
790
791
792
793
794
795
796
797
798
799
800
n04243546
n04251144
n04252077
n04252225
n04254120
n04254680
n04254777
n04258138
n04259630
n04263257
n04264628
n04265275
n04266014
n04270147
n04273569
n04275548
n04277352
n04285008
n04286575
n04296562
n04310018
n04311004
n04311174
n04317175
n04325704
n04326547
n04328186
n04330267
n04332243
n04335435
n04336792
n04344873
n04346328
n04347754
n04350905
n04355338
n04355933
n04356056
n04357314
n04366367
n04367480
n04370456
n04371430
n04371774
n04372370
n04376876
n04380533
n04389033
n04392985
n04398044
n04399382
n04404412
n04409515
n04417672
n04418357
n04423845
n04428191
n04429376
n04435653
n04442312
n04443257
n04447861
n04456115
n04458633
n04461696
n04462240
n04465501
n04467665
n04476259
n04479046
n04482393
n04483307
n04485082
n04486054
n04487081
n04487394
n04493381
n04501370
n04505470
n04507155
n04509417
n04515003
n04517823
n04522168
n04523525
n04525038
n04525305
n04532106
n04532670
n04536866
n04540053
n04542943
n04548280
n04548362
n04550184
n04552348
n04553703
n04554684
n04557648
n04560804
n04562935
n04579145
n04579432
n04584207
n04589890
n04590129
n04591157
n04591713
n04592741
n04596742
n04597913
n04599235
n04604644
n04606251
n04612504
n04613696
n06359193
n06596364
n06785654
n06794110
n06874185
n07248320
n07565083
n07579787
n07583066
n07584110
n07590611
n07613480
n07614500
n07615774
n07684084
n07693725
n07695742
n07697313
n07697537
n07711569
n07714571
n07714990
n07715103
n07716358
n07716906
n07717410
n07717556
n07718472
n07718747
n07720875
n07730033
n07734744
n07742313
n07745940
n07747607
n07749582
n07753113
n07753275
n07753592
n07754684
n07760859
n07768694
n07802026
n07831146
n07836838
n07860988
n07871810
n07873807
n07875152
n07880968
n07892512
n07920052
n07930864
n07932039
n09193705
n09229709
n09246464
n09256479
n09288635
n09332890
n09399592
n09421951
n09428293
n09468604
n09472597
n09835506
n10148035
n10565667
n11879895
n11939491
n12057211
n12144580
n12267677
n12620546
n12768682
n12985857
n12998815
n13037406
n13040303
n13044778
n13052670
n13054560
n13133613
n15075141
