1
2
3
4
5
6
7
8
9
10
11
12
13
14
15
16
17
18
19
20
21
22
23
24
25
26
27
28
29
30
31
32
33
34
35
36
37
38
39
40
41
42
43
44
45
46
47
48
49
50
51
52
53
54
55
56
57
58
59
60
61
62
63
64
65
66
67
68
69
70
71
72
73
74
75
76
77
78
79
80
81
82
83
84
85
86
87
88
89
90
91
92
93
94
95
96
97
98
99
100
101
102
103
104
105
106
107
108
109
110
111
112
113
114
115
116
117
118
119
120
121
122
123
124
125
126
127
128
129
130
131
132
133
134
135
136
137
138
139
140
141
142
143
144
145
146
147
148
149
150
151
152
153
154
155
156
157
158
159
160
161
162
163
164
165
166
167
168
169
170
171
172
173
174
175
176
177
178
179
180
181
182
183
184
185
186
187
188
189
190
191
192
193
194
195
196
197
198
199
200
201
202
203
204
205
206
207
208
209
210
211
212
213
214
215
216
217
218
219
220
221
222
223
224
225
226
227
228
229
230
231
232
233
234
235
236
237
238
239
240
241
242
243
244
245
246
247
248
249
250
251
252
253
254
255
256
257
258
259
260
261
262
263
264
265
266
267
268
269
270
271
272
273
274
275
276
277
278
279
280
281
282
283
284
285
286
287
288
289
290
291
292
293
294
295
296
297
298
299
300
301
302
303
304
305
306
307
308
309
310
311
312
313
314
315
316
317
318
319
320
321
322
323
324
325
326
327
328
329
330
331
332
333
334
335
336
337
338
339
340
341
342
343
344
345
346
347
348
349
350
351
352
353
354
355
356
357
358
359
360
361
362
363
364
365
366
367
368
369
370
371
372
373
374
375
376
377
378
379
380
381
382
383
384
385
386
387
388
389
390
391
392
393
394
395
396
397
398
399
400
401
402
403
404
405
406
407
408
409
410
411
412
413
414
415
416
417
418
419
420
421
422
423
424
425
426
427
428
429
430
431
432
433
434
435
436
437
438
439
440
441
442
443
444
445
446
447
448
449
450
451
452
453
454
455
456
457
458
459
460
461
462
463
464
465
466
467
468
469
470
471
472
473
474
475
476
477
478
479
480
481
482
483
484
485
486
487
488
489
490
491
492
493
494
495
496
497
498
499
500
501
502
503
504
505
506
507
508
509
510
511
512
513
514
515
516
517
518
519
520
521
522
523
524
525
526
527
528
529
530
531
532
533
534
535
536
537
538
539
540
541
542
543
544
545
546
547
548
549
550
551
552
553
554
555
556
557
558
559
560
561
562
563
564
565
566
567
568
569
570
571
572
573
574
575
576
577
578
579
580
581
582
583
584
585
586
587
588
589
590
591
592
593
594
595
596
597
598
599
600
n03532672
n03534580
n03535780
n03538406
n03544143
n03584254
n03584829
n03590841
n03594734
n03594945
n03595614
n03598930
n03599486
n03602883
n03617480
n03623198
n03627232
n03630383
n03633091
n03637318
n03642806
n03649909
n03657121
n03658185
n03661043
n03662601
n03666591
n03670208
n03673027
n03676483
n03680355
n03690938
n03691459
n03692522
n03697007
n03706229
n03709823
n03710193
n03710637
n03710721
n03717622
n03720891
n03721384
n03724870
n03729826
n03733131
n03733281
n03733805
n03742115
n03743016
n03759954
n03761084
n03763968
n03764736
n03769881
n03770439
n03770679
n03773504
n03775071
n03775546
n03776460
n03777568
n03777754
n03781244
n03782006
n03785016
n03786901
n03787032
n03788195
n03788365
n03791053
n03792782
n03792972
n03793489
n03794056
n03796401
n03803284
n03804744
n03814639
n03814906
n03825788
n03832673
n03837869
n03838899
n03840681
n03841143
n03843555
n03854065
n03857828
n03866082
n03868242
n03868863
n03871628
n03873416
n03874293
n03874599
n03876231
n03877472
n03877845
n03884397
n03887697
n03888257
n03888605
n03891251
n03891332
n03895866
n03899768
n03902125
n03903868
n03908618
n03908714
n03916031
n03920288
n03924679
n03929660
n03929855
n03930313
n03930630
n03933933
n03935335
n03937543
n03938244
n03942813
n03944341
n03947888
n03950228
n03954731
n03956157
n03958227
n03961711
n03967562
n03970156
n03976467
n03976657
n03977966
n03980874
n03982430
n03983396
n03991062
n03992509
n03995372
n03998194
n04004767
n04005630
n04008634
n04009552
n04019541
n04023962
n04026417
n04033901
n04033995
n04037443
n04039381
n04040759
n04041544
n04044716
n04049303
n04065272
n04067472
n04069434
n04070727
n04074963
n04081281
n04086273
n04090263
n04099969
n04111531
n04116512
n04118538
n04118776
n04120489
n04125021
n04127249
n04131690
n04133789
n04136333
n04141076
n04141327
n04141975
n04146614
n04147183
n04149813
n04152593
n04153751
n04154565
n04162706
n04179913
n04192698
n04200800
n04201297
n04204238
n04204347
n04208210
n04209133
n04209239
n04228054
n04229816
n04235860
n04238763
n04239074
